1.843235544885736266e-01 9.000000000000000000e+00 0.000000000000000000e+00
-1.828955477696661447e+00 8.000000000000000000e+00 0.000000000000000000e+00
-4.675792308551637966e+00 7.000000000000000000e+00 1.000000000000000000e+00
-3.954457321966982164e+01 7.000000000000000000e+00 0.000000000000000000e+00
-8.972126371118407384e-01 6.000000000000000000e+00 2.000000000000000000e+00
-7.408384681831319085e+01 6.000000000000000000e+00 1.000000000000000000e+00
-1.162646562042518497e+02 6.000000000000000000e+00 0.000000000000000000e+00
1.051421128247986303e+01 5.000000000000000000e+00 2.000000000000000000e+00
-2.483039941747389321e+02 5.000000000000000000e+00 1.000000000000000000e+00
-7.918171313426279312e+01 5.000000000000000000e+00 0.000000000000000000e+00
-2.861668601973974546e+01 4.000000000000000000e+00 3.000000000000000000e+00
-2.383960969280446420e+02 4.000000000000000000e+00 2.000000000000000000e+00
-5.326388353618841620e+02 4.000000000000000000e+00 1.000000000000000000e+00
-1.530876780671331971e+02 4.000000000000000000e+00 0.000000000000000000e+00
-3.337221735030170500e+00 3.000000000000000000e+00 4.000000000000000000e+00
-4.347699411997280095e+01 3.000000000000000000e+00 3.000000000000000000e+00
-4.517175352604974705e+02 3.000000000000000000e+00 2.000000000000000000e+00
-3.086530389784971931e+02 3.000000000000000000e+00 1.000000000000000000e+00
3.294295201006045204e+01 3.000000000000000000e+00 0.000000000000000000e+00
1.854567416366865018e+01 2.000000000000000000e+00 4.000000000000000000e+00
-7.348239683669660849e+01 2.000000000000000000e+00 3.000000000000000000e+00
-4.912832319986471816e+02 2.000000000000000000e+00 2.000000000000000000e+00
-4.505082724664041507e+02 2.000000000000000000e+00 1.000000000000000000e+00
-1.352656630761559313e+02 2.000000000000000000e+00 0.000000000000000000e+00
1.365747578803682138e+00 1.000000000000000000e+00 5.000000000000000000e+00
-3.597630859732381481e+01 1.000000000000000000e+00 4.000000000000000000e+00
-2.251461803185938493e+02 1.000000000000000000e+00 3.000000000000000000e+00
-3.101144400915626420e+02 1.000000000000000000e+00 2.000000000000000000e+00
-7.583872348410848474e+01 1.000000000000000000e+00 1.000000000000000000e+00
1.338115054275772664e+01 1.000000000000000000e+00 0.000000000000000000e+00
-2.856126020126684706e-01 0.000000000000000000e+00 6.000000000000000000e+00
-4.674785016288004691e+00 0.000000000000000000e+00 5.000000000000000000e+00
-3.408123053842673045e+01 0.000000000000000000e+00 4.000000000000000000e+00
-7.547113597338380941e+01 0.000000000000000000e+00 3.000000000000000000e+00
-1.232454975025368924e+02 0.000000000000000000e+00 2.000000000000000000e+00
-7.948462397506007449e+01 0.000000000000000000e+00 1.000000000000000000e+00
-1.658228532981241798e+01 0.000000000000000000e+00 0.000000000000000000e+00
